"time","counter.omega1","counter.omega2","counter.phi1","counter.phi2"
0,0,0,0,1
0,0,0,0,1
0,0,0,0,1
0.002,0.05495461726777164,-0.03194975879758329,5.496365506149592e-05,0.9999680403181539
0.004,0.1098124050094911,-0.06379632878951683,0.0002197308778511915,0.9998722942698172
0.006,0.1645645891770843,-0.09553579993043876,0.0004941097008116443,0.9997129603580169
0.008,0.2192023278618321,-0.1271642394659952,0.0008778899470869718,0.999490246477019
0.01,0.2737162196639036,-0.158677471830263,0.001370834708103182,0.9992043799865638
0.012,0.3280966447365203,-0.1900712340253404,0.001972680235597618,0.9988556035534066
0.014,0.3823342612663805,-0.2213413987284168,0.002683142622182556,0.9984441658871652
0.016,0.4364201819371037,-0.2524840573150423,0.003501911787458129,0.9979703223955023
0.018,0.4903453534871981,-0.2834952240323961,0.004428681103631289,0.9974343289113851
0.02,0.5441005368959821,-0.3143708376662064,0.005463123420926201,0.996836453214522
0.022,0.597676748260479,-0.3451069559032953,0.006604905533997069,0.9961769627835614
0.024,0.6510651451842685,-0.3756997252852948,0.007853639494089815,0.9954561491017018
0.026,0.7042567713491891,-0.4061452307116029,0.009208959158050253,0.9946742948064168
0.028,0.7572428058251253,-0.436439638774635,0.01067045337903667,0.9938317020389861
0.03,0.810014442958521,-0.4665791245354074,0.01223770748231989,0.9929286744215994
0.032,0.8625629336720599,-0.4965598980332307,0.01391028605445995,0.9919655246391594
0.034,0.9148796161897176,-0.5263782214731003,0.01568772552714211,0.9909425775670749
0.036,0.9669558041569362,-0.5560303424093733,0.01756957018222507,0.9898601546843395
0.038,1.018782966137157,-0.5855125991768485,0.01955531827092501,0.9887185972600562
0.04,1.070352555771567,-0.6148213215750452,0.0216444720246603,0.9875182448692782
0.042,1.121656095053997,-0.6439528796849125,0.02383651287166704,0.9862594460497266
0.0431408,1.15079704267352,-0.6604886779507624,0.02513272010251438,0.9855153917125881
0.0431408,1.15079704267352,-0.6604886779507624,0.02513272010251438,0.9855153917125881
0.044,1.172685130949629,-0.6729036653964502,0.02613089875910698,0.9849425600809971
0.046,1.223430769277158,-0.7016699006732213,0.02852701734876348,0.9835679848078026
0.048,1.273885234883564,-0.7302482859712308,0.03102432562839244,0.982136071697951
0.05,1.324040669320727,-0.7586354942798195,0.03362225701974937,0.9806471843394804
0.052,1.37388925435212,-0.7868282235018158,0.03632022978023901,0.9791016929856525
0.054,1.423422713567937,-0.8148229842455176,0.03911761381961411,0.9774999963176393
0.056,1.472632714294048,-0.8426162761015111,0.04201374561348725,0.9758425094910778
0.058,1.521511421074206,-0.8702048299495674,0.04500794970614847,0.9741296472248977
0.06,1.570050838445069,-0.8975853020216548,0.04809955496814719,0.9723618241499395
0.0613652,1.602984638396002,-0.9161538443532041,0.05026544020754115,0.9711237759046203
0.0613652,1.602984638396002,-0.9161538443532041,0.05026544020754115,0.9711237759046203
0.062,1.618243077646343,-0.9247543992928019,0.05128788502603007,0.9705394560826905
0.064,1.666079614700985,-0.9517085635548573,0.05457220925328016,0.9686629922097216
0.066,1.713553144877482,-0.9784447941056813,0.05795178960890296,0.9667328703589881
0.068,1.760656629965984,-1.004960187581468,0.06142594282848753,0.9647494992370268
0.07,1.807383035782065,-1.031251851227446,0.06499396530979092,0.9627132971220999
0.072,1.853725119126139,-1.057316813469564,0.06865511599772678,0.9606247025495093
0.074,1.899675341440628,-1.083151987023721,0.07240861094103268,0.9584841779363387
0.0755591,1.935219059962638,-1.103130372543094,0.07539816031508212,0.9567798275403474
0.0755591,1.935219059962638,-1.103130372543094,0.07539816031508212,0.9567798275403474
0.076,1.945225997077644,-1.10875423252825,0.07625361084796214,0.9562922139157517
0.078,1.990368966774192,-1.13412025366905,0.08018920448840075,0.9540493401878939
0.08,2.035097274607332,-1.159247232943055,0.08421457487583275,0.9517560279973249
0.082,2.079404754460717,-1.184132686287267,0.08832898498811038,0.9494127009335412
0.084,2.123284328411493,-1.208773770983482,0.0925315685638852,0.9470198548207879
0.086,2.166729708871754,-1.233167973362,0.09682152889514396,0.9445779429984671
0.0876976,2.203261526758006,-1.253678621402215,0.1005308804251354,0.9424670480587953
0.0876976,2.203261526758006,-1.253678621402215,0.1005308804251354,0.9424670480587953
0.088,2.209734442715107,-1.257312716688955,0.1011980410030529,0.9420874341998519
0.09,2.252290659807041,-1.281204867336115,0.1056600778792962,0.9395489099845171
0.092,2.294390996086691,-1.304841520572281,0.1102066143960055,0.9369629449364525
0.094,2.336029873003,-1.328220482215865,0.1148368592384143,0.9343299813231999
0.096,2.377201000767457,-1.351339286590773,0.119549900803911,0.9316505270053157
0.098,2.417898585467518,-1.374195672520675,0.1243448755727608,0.9289250610948958
0.0985442,2.428889285397138,-1.380368978696767,0.125663600537704,0.9281755919044635
0.0985442,2.428889285397138,-1.380368978696767,0.125663600537704,0.9281755919044635
0.1,2.458116781012796,-1.396787363341419,0.1292209007704033,0.9261540724669747
0.102,2.497847716004777,-1.419111311179004,0.1341767465457934,0.9233382389492022
0.104,2.537085379190227,-1.441165205531542,0.1392114333307509,0.9204780973501205
0.106,2.575824533757418,-1.46294704292547,0.144324085637058,0.9175741258309333
0.108,2.614059297458468,-1.484454581849703,0.1495136990520643,0.9146268714759213
0.10849,2.623345908749631,-1.489679957863333,0.1507963206527866,0.913898514986896
0.10849,2.623345908749631,-1.489679957863333,0.1507963206527866,0.913898514986896
0.11,2.651785442666132,-1.505686217451996,0.1547795371626506,0.9116367343857892
0.112,2.688995710183562,-1.526639206227159,0.1601203067001415,0.9086044152540571
0.114,2.725683205908217,-1.547310966431085,0.1655347230909309,0.9055306063245461
0.116,2.761843628970459,-1.567699898944882,0.1710219576823662,0.9024157524255714
0.117767,2.793344567779594,-1.585474403596104,0.1759290407703827,0.8996304377824451
0.117767,2.793344567779594,-1.585474403596104,0.1759290407703827,0.8996304377824451
0.118,2.797471712304938,-1.587804055031717,0.1765809727959226,0.8992604091967102
0.12,2.832563796698785,-1.607622084425642,0.182211038996948,0.8960649667173275
0.122,2.867112383367906,-1.627151238743206,0.1879106169946733,0.8928302455336109
0.124,2.901111946114708,-1.646389516099657,0.193678516437227,0.8895568769902703
0.126,2.934558310466009,-1.665335416448348,0.1995138091330831,0.8862453518151773
0.126527,2.943274631640322,-1.670276437514172,0.2010617608904955,0.8853668998611003
0.126527,2.943274631640322,-1.670276437514172,0.2010617608904955,0.8853668998611003
0.128,2.967448275412269,-1.68398779438163,0.205415771800639,0.8828960517965805
0.13,2.99977545547505,-1.702344374296754,0.211382939459865,0.8795097490951566
0.132,3.031535199763459,-1.720403518279602,0.2174141984677845,0.8760870283247207
0.134,3.062722831309873,-1.738163595149766,0.2235083909132629,0.8726284954981298
0.134875,3.076188255383693,-1.745840240933972,0.2261944810131196,0.8711040622491724
0.134875,3.076188255383693,-1.745840240933972,0.2261944810131196,0.8711040622491724
0.136,3.093334300247998,-1.755623203744766,0.2296644871086573,0.8691346882566463
0.138,3.123364483240253,-1.772780586359056,0.2358811489072095,0.8656063036916709
0.14,3.152809105103753,-1.789634297020443,0.2421572100085261,0.8620439471793804
0.142,3.18166431169077,-1.806183044806598,0.2484915886703362,0.8584481789313344
0.142889,3.19430708620445,-1.813444674548232,0.2513272011382549,0.8568384036991999
0.142889,3.19430708620445,-1.813444674548232,0.2513272011382549,0.8568384036991999
0.144,3.20992634624286,-1.822425583283295,0.2548832020249776,0.8548195585788192
0.146,3.237590592095377,-1.838360396833399,0.2613306806839891,0.851158792298681
0.148,3.264653040614061,-1.853986192110202,0.2678327812176939,0.8474665192162889
0.15,3.291110217037458,-1.869301863523895,0.2743883885456179,0.843743311120018
0.150629,3.299301049080918,-1.874051863578654,0.2764599212659014,0.842566677676913
0.150629,3.299301049080918,-1.874051863578654,0.2764599212659014,0.842566677676913
0.152,3.316959037680651,-1.88430644006943,0.2809964886808147,0.839989687094886
0.154,3.342195072811902,-1.898998548203511,0.2876555737972921,0.8362064172750693
0.156,3.366814844401262,-1.913377133172258,0.2943644030079132,0.8323941335574461
0.158,3.390815270986994,-1.927441278001472,0.3011218347474139,0.8285534159311605
0.158139,3.392458077620479,-1.928405782153913,0.3015926413960647,0.8282857916426393
0.158139,3.392458077620479,-1.928405782153913,0.3015926413960647,0.8282857916426393
0.16,3.414193768974262,-1.941190224043837,0.3079268873842362,0.8246847623834952
0.162,3.436946071469019,-1.954622744836774,0.3147778759615744,0.820789025828237
0.164,3.459069476877658,-1.967738089436228,0.3216736719362814,0.8168667757749192
0.165457,3.474790579561324,-1.977093509788294,0.326725361528747,0.8139927426692697
0.165457,3.474790579561324,-1.977093509788294,0.326725361528747,0.8139927426692697
0.166,3.480561473862829,-1.980535573777875,0.3286131924811631,0.8129185577620394
0.168,3.501419191081439,-1.993014433886948,0.335595155758057,0.8089450164678975
0.17,3.521639257503344,-2.005173803146322,0.3426179836799498,0.8049469437418726
0.172,3.541219469364042,-2.017013142235983,0.3496805788623786,0.80092488867532
0.172614,3.547105878054472,-2.020585971965226,0.3518580816639348,0.7996845479238708
0.172614,3.547105878054472,-2.020585971965226,0.3518580816639348,0.7996845479238708
0.174,3.560157845762557,-2.028531977578264,0.3567819278260734,0.7968793577754917
0.176,3.578451333205157,-2.039729609971301,0.3639203939048097,0.7928111674094227
0.178,3.59609758592853,-2.050605536609701,0.3710946367440878,0.788720984441254
0.179637,3.610053896174339,-2.059265213566465,0.3769908018016412,0.7853582146800104
0.179637,3.610053896174339,-2.059265213566465,0.3769908018016412,0.7853582146800104
0.18,3.613094848004971,-2.06115940622056,0.378303592300193,0.7846093371012901
0.182,3.629441339845788,-2.071390875459552,0.3855461515736924,0.7804767753926454
0.184,3.645134305602677,-2.081299458955826,0.3928204850547666,0.7763242046917972
0.186,3.660172155071468,-2.090884920060569,0.4001254319472951,0.7721521977321347
0.186546,3.664160843944252,-2.093443921932428,0.4021235219418577,0.7710106935525215
0.186546,3.664160843944252,-2.093443921932428,0.4021235219418577,0.7710106935525215
0.188,3.674553695024089,-2.100147096966515,0.4074600830485374,0.7679612025454773
0.19,3.688276792312471,-2.10908573431858,0.4148227308662862,0.7637520593922748
0.192,3.701339836541591,-2.11770069418133,0.4222119534751227,0.7595254662185488
0.193361,3.709853316111101,-2.123379400334025,0.4272562420845845,0.7566388366712468
0.193361,3.709853316111101,-2.123379400334025,0.4272562420845845,0.7566388366712468
0.194,3.713741918747125,-2.125991925258519,0.4296268839295981,0.7552818477802213
0.196,3.72548161913715,-2.13395937663217,0.4370660973130306,0.7510219014279663
0.198,3.736557337262217,-2.141603069501191,0.4445277968599835,0.7467465044717624
0.2,3.746968163670438,-2.148923087592705,0.452010787772227,0.7424562386622353
0.200101,3.747475898869015,-2.149283898165473,0.4523889622298323,0.7422393469217606
0.200101,3.747475898869015,-2.149283898165473,0.4523889622298323,0.7422393469217606
0.202,3.756713689872062,-2.155919477932928,0.4595145105410011,0.7381513762393042
0.204,3.765792431717938,-2.162592496277993,0.4670367264921236,0.7338330049165395
0.206,3.774203758371761,-2.168942359753397,0.4745762211023777,0.7295017129675421
0.20678,3.777303815637545,-2.17133178761356,0.4775216823775875,0.727808766892609
0.20678,3.777303815637545,-2.17133178761356,0.4775216823775875,0.727808766892609
0.208,3.781947299921101,-2.174969231637006,0.4821321949588901,0.7251578871269974
0.21,3.789022391874628,-2.180673479415734,0.4897030321112022,0.7208023082979748
0.212,3.795428515713279,-2.186055554252725,0.4972870727062024,0.7164357768916102
0.213414,3.799552554104573,-2.189665418906449,0.5026544025278555,0.7133434225395232
0.213414,3.799552554104573,-2.189665418906449,0.5026544025278555,0.7133434225395232
0.214,3.801165455004668,-2.191115845891425,0.5048831351862186,0.7120588611011778
0.216,3.80623308993967,-2.195854579601492,0.5124905424054896,0.7076718865197078
0.218,3.810631236225761,-2.200272647225582,0.5201069295169959,0.7032759878234661
0.22,3.814359965068328,-2.204370504860435,0.5277312673872405,0.6988716572578019
0.220015,3.814384800493888,-2.204399332562827,0.5277871226806414,0.6988393769373455
0.220015,3.814384800493888,-2.204399332562827,0.5277871226806414,0.6988393769373455
0.222,3.817419309714542,-2.208148359942766,0.5353630888835361,0.6944591182434731
0.224,3.819809551812238,-2.211607227680967,0.5430002374699049,0.6900394009407833
0.226,3.821531191295218,-2.214748018285479,0.5506410490420811,0.6856132974202562
0.226596,3.821915157456548,-2.215622981455827,0.5529198428359376,0.684292421067686
0.226596,3.821915157456548,-2.215622981455827,0.5529198428359376,0.684292421067686
0.228,3.822584377470554,-2.217570984021672,0.5582850740841787,0.6811810214935233
0.23,3.822969805268643,-2.220077162914647,0.565930550694316,0.6767434101339478
0.232,3.822688310752641,-2.222267600112295,0.5735758532290821,0.6723012336373999
0.233171,3.822214145571116,-2.223404187519403,0.578052562993746,0.6696978872305351
0.233171,3.822214145571116,-2.223404187519403,0.578052562993746,0.6696978872305351
0.234,3.8217405072139,-2.22414299643587,0.5812199489115705,0.6678549805586707
0.236,3.820127066915783,-2.225704081422782,0.5888617994933871,0.6634051415017737
0.238,3.817849305827544,-2.22695219617827,0.5964995834590278,0.6589525758320208
0.239752,3.815309402751981,-2.227789407228915,0.6031852831540667,0.6550507047437428
0.239752,3.815309402751981,-2.227789407228915,0.6031852831540667,0.6550507047437428
0.24,3.814908548665542,-2.227888571223891,0.6041317569468346,0.6544980098719808
0.242,3.811305078270921,-2.22851346335779,0.6117580047160781,0.6500415918117706
0.244,3.807040992257929,-2.228828719917419,0.6193761273024582,0.6455843543659787
0.246,3.802117531935256,-2.228835365599606,0.6269849891633894,0.6411268291741052
0.246351,3.801186487416142,-2.228804853524971,0.6283180033169012,0.6403453008883403
0.246351,3.801186487416142,-2.228804853524971,0.6283180033169012,0.6403453008883403
0.248,3.796535816818123,-2.228534306040731,0.6345836110316028,0.6366694742354883
0.25,3.790297831799133,-2.227927110242134,0.6421703456107176,0.632213059025128
0.25,3.790297831799133,-2.227927110242134,0.6421703456107176,0.632213059025128
0.252,3.783405004407794,-2.227014870768368,0.6497440949788857,0.6277580953857104
0.25298,3.779788422817289,-2.226456909421749,0.6534507234822644,0.6255754954787609
0.25298,3.779788422817289,-2.226456909421749,0.6534507234822644,0.6255754954787609
0.254,3.775859365649796,-2.225799106548696,0.6573033831256648,0.6233052703724038
0.256,3.767662887717806,-2.224281250998562,0.6648468773273277,0.6188552030345549
0.258,3.758817878273019,-2.22246294186248,0.672373113722417,0.6144085720007982
0.259654,3.751014603272081,-2.220733416313654,0.6785834436501261,0.6107341532096249
0.259654,3.751014603272081,-2.220733416313654,0.6785834436501261,0.6107341532096249
0.26,3.749326608608276,-2.220345757378867,0.6798807330453264,0.6099660062088095
0.262,3.739189883981151,-2.217930251641144,0.6873692665938426,0.6055277223292067
0.264,3.728411109521202,-2.215218746032023,0.6948367847303245,0.6010946115367806
0.266,3.716993540865186,-2.212213394252672,0.7022816015496477,0.5966674498497394
0.266386,3.71471589483198,-2.211599405998546,0.7037161638204992,0.595813496119169
0.266386,3.71471589483198,-2.211599405998546,0.7037161638204992,0.595813496119169
0.268,3.704937592257217,-2.208914467736231,0.7097035088124738,0.5922463330053501
0.27,3.692247088091358,-2.205324459279219,0.717100615903664,0.5878321296682447
0.272,3.67892535744752,-2.201445491857694,0.7244713904849275,0.5834255417916345
0.273191,3.670691182155275,-2.198998237106972,0.7288488839933858,0.58080455478676
0.273191,3.670691182155275,-2.198998237106972,0.7288488839933858,0.58080455478676
0.274,3.664974158961125,-2.197278677515309,0.7318150458870221,0.5790269292920739
0.276,3.650396183962802,-2.19282570406734,0.7391304120719154,0.5746368268133085
0.278,3.635195500688837,-2.188089094887008,0.7464157877799291,0.5702560103385713
0.28,3.619375293970517,-2.183070796909636,0.7536699099157373,0.5658850545266938
0.280086,3.618680099581571,-2.18284838460903,0.7539816041687943,0.5656970379658459
0.280086,3.618680099581571,-2.18284838460903,0.7539816041687943,0.5656970379658459
0.282,3.602936977878944,-2.177771667543923,0.7608922346089492,0.5615242064353102
0.284,3.585885125238672,-2.172194472510026,0.7680810199534618,0.5571742569694266
0.286,3.568224169694017,-2.166341850153807,0.7752346811019807,0.5528359233093905
0.287089,3.55835368726422,-2.163040159946217,0.7791143243467121,0.5504790028802212
0.287089,3.55835368726422,-2.163040159946217,0.7791143243467121,0.5504790028802212
0.288,3.549955745897439,-2.16021476535916,0.7823526526390953,0.548509460855533
0.29,3.531083649804124,-2.153815453409571,0.7894336344908637,0.5441954565423562
0.292,3.511612773432048,-2.147146769958864,0.7964760114567345,0.5398946380391851
0.294,3.491546768948369,-2.140210822954854,0.8034786353286425,0.5356075211261818
0.29422,3.489301572210842,-2.13943099257399,0.8042470445271406,0.5351364396126843
0.29422,3.489301572210842,-2.13943099257399,0.8042470445271406,0.5351364396126843
0.296,3.470886943180468,-2.13300836461762,0.8104411001709908,0.5313342880148452
0.298,3.449639857671831,-2.125543154625878,0.8173614091945606,0.5270758338815904
0.3,3.427809303229627,-2.1178173415338,0.8242384652952363,0.5228326489840779
0.301504,3.411014281950653,-2.111838345955714,0.8293797647100849,0.5196528293879888
0.301504,3.411014281950653,-2.111838345955714,0.8293797647100849,0.5196528293879888
0.302,3.405398088302532,-2.109832509588139,0.8310714737404141,0.5186050879338039
0.304,3.382410329937987,-2.101590974499385,0.8378592856368494,0.5143936628962511
0.306,3.358851889450358,-2.093096011274022,0.8446003176129763,0.5101990781505701
0.308,3.334726703298646,-2.084349800984708,0.8512935504471977,0.5060217856836676
0.308967,3.32285937665989,-2.080031320997868,0.8545124848955483,0.5040082671380427
0.308967,3.32285937665989,-2.080031320997868,0.8545124848955483,0.5040082671380427
0.31,3.310038080303547,-2.075354169907066,0.8579381442868171,0.501862157400177
0.312,3.284790865483534,-2.066111784771725,0.8645328871957011,0.4977207293993154
0.314,3.258990718059178,-2.056625742450781,0.8710764066487993,0.4935981074003022
0.316,3.232641665377036,-2.046898232226166,0.8775677608056764,0.4894947058815839
0.316644,3.224047410127692,-2.043717303349136,0.8796452050835156,0.4881785221854548
0.316644,3.224047410127692,-2.043717303349136,0.8796452050835156,0.4881785221854548
0.318,3.205747430040155,-2.036931272637694,0.8840060912392008,0.4854109021918307
0.32,3.178314013715438,-2.026728104688107,0.8903900458743306,0.4813472895689918
0.322,3.150346648666164,-2.016291538838715,0.8967184819118051,0.4773043681448438
0.324,3.12184983817092,-2.00562398182065,0.9029904448210208,0.4732825545979177
0.324573,3.113583437938269,-2.002523552082621,0.9047779252740079,0.472133548718766
0.324573,3.113583437938269,-2.002523552082621,0.9047779252740079,0.472133548718766
0.326,3.092827382535738,-1.994727460041234,0.9092051401118867,0.4692821953305027
0.328,3.063286140007453,-1.983605616761633,0.9153611667294289,0.4653038999798784
0.33,3.033231170026862,-1.972261125130478,0.9214575257576549,0.4613481018648243
0.332,3.002667577632864,-1.960696672037257,0.9274932339441964,0.4574152265356736
0.332807,2.990195446536461,-1.955969962634709,0.9299106454670065,0.4558352824857828
0.332807,2.990195446536461,-1.955969962634709,0.9299106454670065,0.4558352824857828
0.334,2.971599951766318,-1.948914665652333,0.9334674243066057,0.4535056485405616
0.336,2.940034193143114,-1.936918193305867,0.9393790040178167,0.4496198390999959
0.338,2.907976296620993,-1.924710379367084,0.9452268918663578,0.4457582632157805
0.34,2.875431689216434,-1.912294040284878,0.9510101375329563,0.4419213283888061
0.341408,2.852224896526958,-1.903426909873267,0.9550433656625175,0.4392343962704851
0.341408,2.852224896526958,-1.903426909873267,0.9550433656625175,0.4392343962704851
0.342,2.842405181746778,-1.89967166605373,0.9567279144360484,0.4381093883725578
0.344,2.808902771239417,-1.886846352152054,0.9623792123310344,0.4343228746382767
0.346,2.774930970120758,-1.87382144845031,0.9679629617732043,0.4305622427033901
0.348,2.740495339430061,-1.860599803958618,0.9734782767987694,0.4268278686906262
0.35,2.705601463267639,-1.84718427167673,0.9789242863194505,0.4231201215416659
0.350463,2.697452156843112,-1.844048684727878,0.9801760858605542,0.4222649152243364
0.350463,2.697452156843112,-1.844048684727878,0.9801760858605542,0.4222649152243364
0.352,2.670254675710666,-1.833577571129178,0.9843001718340274,0.419439347278806
0.354,2.634462349236838,-1.819783449422946,0.9896048297233365,0.4157860111298274
0.356,2.598230047770897,-1.805804723406293,0.9948374532477688,0.4121604518886425
0.358,2.561563801007855,-1.79164443825601,0.9999971858210795,0.4085630283943503
0.36,2.524469538895809,-1.777305579653417,1.005083206587947,0.4049940834166997
0.360089,2.522801611663282,-1.776660542997759,1.005308806061088,0.4048352303482126
0.360089,2.522801611663282,-1.776660542997759,1.005308806061088,0.4048352303482126
0.362,2.486953454528051,-1.762791263522856,1.01009466357407,0.4014539724429668
0.364,2.449022727910097,-1.748105085562278,1.015030608672328,0.3979430889952684
0.366,2.410683464877041,-1.73325009495909,1.019890255836813,0.3944617582356769
0.368,2.371941561229641,-1.718229229015106,1.024672862565233,0.3910102864034025
0.37,2.332803314176746,-1.703045618154879,1.029377651975069,0.3875889930081606
0.370457,2.323806677965278,-1.699554204285502,1.030441526264148,0.3868116174305964
0.370457,2.323806677965278,-1.699554204285502,1.030441526264148,0.3868116174305964
0.372,2.293275651854322,-1.687702701671602,1.034003780588981,0.3841982243061153
0.374,2.253365751582174,-1.672204027914856,1.038550409105192,0.3808383228448106
0.376,2.213079913828317,-1.656552703143735,1.04301682096275,0.3775095798711391
0.378,2.172424309323188,-1.640751763530239,1.047402328756911,0.3742122739054075
0.38,2.131405526406011,-1.624804444345952,1.051706213550957,0.3709466953137613
0.381831,2.093540002396939,-1.610079102652068,1.055574246469706,0.3679851120241666
0.381831,2.093540002396939,-1.610079102652068,1.055574246469706,0.3679851120241666
0.382,2.090030472769916,-1.608714132568266,1.055927733579349,0.3677131429237573
0.384,2.048306773023894,-1.592484553917813,1.060066100107198,0.364511932565396
0.386,2.006241828555055,-1.576119313136104,1.064120575424288,0.3613433577956259
0.388,1.963842473314929,-1.559621731994979,1.068090493867742,0.3582076824519885
0.39,1.921114600370455,-1.54299466832943,1.071975296896253,0.355105126843061
0.392,1.878065709808093,-1.526241753381709,1.075774287511124,0.3520359649088753
0.394,1.834702433405258,-1.509366190498854,1.079486866957497,0.3490004307129502
0.394668,1.820156798258643,-1.503705538050226,1.08070696667778,0.3479945512789728
0.394668,1.820156798258643,-1.503705538050226,1.08070696667778,0.3479945512789728
0.396,1.791029931195087,-1.492370468775267,1.083112577211962,0.3459987027234351
0.398,1.74705702040322,-1.475258833464608,1.086650654341932,0.3430310772042755
0.4,1.702792083861504,-1.458035308079051,1.090100401494605,0.3400978221528555
0.402,1.658241182292082,-1.440702793734047,1.093461333201938,0.3371991228182486
0.404,1.613411748538142,-1.423264842642787,1.096732867402871,0.3343352002199936
0.406,1.568310718873408,-1.40572476281553,1.099914477001763,0.3315062531655538
0.408,1.522944811008225,-1.388085750575514,1.103005668893995,0.3287124661547979
0.409888,1.479892692951494,-1.371350628383444,1.105839686888365,0.3261081699728798
0.409888,1.479892692951494,-1.371350628383444,1.105839686888365,0.3261081699728798
0.41,1.477320842812607,-1.370351046242964,1.106005951156471,0.325954022491214
0.412,1.43144709085346,-1.352524580764831,1.108914732786008,0.3232311418483429
0.414,1.385332020447559,-1.334610354381117,1.111731456747674,0.3205440269775505
0.416,1.338982033255454,-1.316611387800999,1.114455711939256,0.3178928265342321
0.418,1.292404358235615,-1.298531086729781,1.117087046639521,0.3152777026186459
0.42,1.245606196524726,-1.280372835717265,1.119625029584244,0.3126988080844426
0.422,1.198594415736351,-1.26213985897133,1.122069257818795,0.3101562848684842
0.424,1.151376819864238,-1.243835815356144,1.124419284963511,0.3076502889616582
0.426,1.103961064256295,-1.225464286330302,1.126674691064015,0.3051809651403354
0.428,1.056355036672018,-1.207028957283337,1.128835054568978,0.3027484574468372
0.43,1.008566380877214,-1.188533380524197,1.130900011270136,0.3003528851129814
0.430072,1.006846446596617,-1.187867918697051,1.130972407101468,0.3002675218215187
0.430072,1.006846446596617,-1.187867918697051,1.130972407101468,0.3002675218215187
0.432,0.9606031165757758,-1.169981276458777,1.132869194383821,0.2979943662024332
0.434,0.9124726568539953,-1.151376086068989,1.134742260194145,0.2956730120407148
0.436,0.8641823059602299,-1.132721189741014,1.136518893407944,0.2933889215917638
0.438,0.8157389118890089,-1.114019750525589,1.138198812748629,0.2911421810852426
0.44,0.7671499354364983,-1.095275209309685,1.139781723839935,0.2889328789494475
0.442,0.7184230893772493,-1.076491119083313,1.14126733187182,0.2867611022558177
0.444,0.6695663263185302,-1.05767113449412,1.142655353288033,0.2846269314572353
0.446,0.6205874404671807,-1.038818829865563,1.143945527597674,0.2825304374583369
0.448,0.5714940807237576,-1.019937701019195,1.145137626591276,0.2804716773488644
0.45,0.5222936441378805,-1.001031114667451,1.146231461929538,0.278450691608842
0.452,0.472993696123349,-0.982102524382871,1.147226817347402,0.2764675324031622
0.454,0.4236020988540958,-0.9631555081361728,1.148123493614106,0.2745222423853335
0.456,0.3741264064388013,-0.9441935111085155,1.148921282247539,0.2726148702505574
0.458,0.3245742065573642,-0.925219960738297,1.149620050116777,0.270745430274183
0.46,0.274953092693315,-0.9062382903569107,1.150219656438464,0.268913940172093
0.462,0.2252706899990906,-0.8872519549019401,1.150719942999804,0.2671204254074487
0.464,0.175534605505297,-0.8682643651323856,1.151120834926211,0.2653648737538088
0.466,0.1257524510829846,-0.8492789688055424,1.151422176974691,0.2636473093949488
0.468,0.07593181178436478,-0.8302991430838194,1.15162394914396,0.2619676954612074
0.47,0.02608029669582109,-0.8113283212607126,1.151726026690645,0.2603260423297645
0.472,-0.02379451947875612,-0.7923698789167931,1.151728382611042,0.2587223164268691
0.474,-0.07368505640909455,-0.7734272001898551,1.151630975953253,0.2571564904426372
0.476,-0.1235837368115447,-0.754503672699105,1.151433754609112,0.2556285421546474
0.478,-0.1734830343610192,-0.7356026280994186,1.151136743142442,0.2541384151139744
0.48,-0.2233753948159638,-0.7167274270876118,1.150739927841634,0.2526860699325021
0.482,-0.2732532858970487,-0.6978814075128522,1.150243325106827,0.2512714538001679
0.484,-0.3231091857023961,-0.6790678964284803,1.149646965566375,0.249894507564855
0.486,-0.3729356183483331,-0.6602901861245511,1.148950912715994,0.2485551576664673
0.488,-0.4227250987064766,-0.641551571290675,1.148155234017754,0.2472533286435835
0.49,-0.4724701460398107,-0.6228553398461176,1.147260008031378,0.2459889400474504
0.492,-0.5221633005234481,-0.6042047618300277,1.146265333054153,0.2447619027031386
0.494,-0.5717971272904284,-0.5856030893660045,1.145171323046525,0.2435721206002812
0.496,-0.6213643446103859,-0.5670534995676011,1.143978107577545,0.2424194922993285
0.498,-0.6708575018202362,-0.5485592379973393,1.142685831961947,0.2413039073981088
0.5,-0.7202692345980991,-0.5301235049602998,1.141294657151501,0.2402252493324517
0.5,-0.7202692345980991,-0.5301235049602998,1.141294657151501,0.2402252493324517
0.502,-0.7695920848307464,-0.5117495235404247,1.139804787013861,0.2391833823387932
0.504,-0.8188185703887464,-0.4934405486511537,1.13821637717191,0.2381781916436518
0.506,-0.8679418998388297,-0.4751995144014552,1.136529615461852,0.2372095523620971
0.508,-0.9169551586414627,-0.4570294022492481,1.134744706494408,0.2362773314104498
0.51,-0.9658510794148039,-0.43893334121871,1.132861875797978,0.2353813842665285
0.512,-1.014622191249483,-0.4209145400762471,1.130881373279254,0.2345215543535826
0.514,-1.063261373246038,-0.4029760414712535,1.128803473278331,0.2336976764281995
0.516,-1.111761430377312,-0.3851209230254701,1.126628445438513,0.2329095868730406
0.518,-1.160115311861092,-0.3673521913844197,1.124356575220264,0.2321571159868942
0.52,-1.208315865938342,-0.3496729029134091,1.12198813693503,0.2314400983590544
0.522,-1.256356262208047,-0.3320859387091216,1.119523479373607,0.2307583376658887
0.524,-1.304229420012748,-0.3145943175563158,1.116962890583282,0.2301116628710022
0.526,-1.351928520495238,-0.2972009049856935,1.114306743221808,0.2294998672384164
0.528,-1.39944662076674,-0.2799086405678642,1.111555366584229,0.2289227623838176
0.53,-1.446776931430236,-0.2627203706361691,1.108709147296233,0.2283801356487679
0.531952,-1.492790783576004,-0.246045081203148,1.105839686890868,0.2278835075399227
0.531952,-1.492790783576004,-0.246045081203148,1.105839686890868,0.2278835075399227
0.532,-1.493912620787115,-0.2456389673448903,1.105768455898281,0.2278717811858952
0.534,-1.54084651651145,-0.2286674451269896,1.102733683522178,0.2273974819629688
0.536,-1.587571462199306,-0.2118087740615909,1.099605306550278,0.2269569835848043
0.538,-1.634081672977182,-0.195065361604938,1.09638369497523,0.226550087079951
0.54,-1.680370520018436,-0.1784399606259377,1.093069286048524,0.2261765586358272
0.542,-1.72643180633381,-0.1619351367701367,1.089662506562385,0.2258361717873972
0.544,-1.772259350551779,-0.1455534455554924,1.086163790601797,0.2255286969834126
0.546,-1.817846365617884,-0.1292976895195089,1.082573622517987,0.2252538788021062
0.54702,-1.841008632415667,-0.121053906939864,1.080706966682791,0.2251261674737606
0.54702,-1.841008632415667,-0.121053906939864,1.080706966682791,0.2251261674737606
0.548,-1.863185838731052,-0.113170749280445,1.078892537360506,0.2250114382210357
0.55,-1.908270673620858,-0.09717553294263714,1.075121092090605,0.2248010861215082
0.552,-1.953094894893789,-0.08131447809485434,1.071259781221292,0.2246225679289485
0.554,-1.997652699485412,-0.06558994806456064,1.067309094056402,0.224475632479107
0.556,-2.041938328235324,-0.05000428173580342,1.063269531194523,0.2243600239873894
0.558,-2.085945734443678,-0.03455992896455853,1.059141631485459,0.2242754681370702
0.559695,-2.123022189758678,-0.02158242656334721,1.055574246477231,0.2242279000884257
0.559695,-2.123022189758678,-0.02158242656334721,1.055574246477231,0.2242279000884257
0.56,-2.129668629272693,-0.0192594322499112,1.054925967832342,0.2242216742101479
0.562,-2.173100045012653,-0.004105600744985392,1.050623192820432,0.2241983123643617
0.564,-2.216233826463673,0.01089910097950604,1.046233921788604,0.2242050743622018
0.566,-2.25906477991879,0.02575259687023134,1.04175868202311,0.2242416966325388
0.568,-2.301586873505816,0.0404524825185169,1.037198101167842,0.2243078664640835
0.57,-2.343794806955918,0.05499665374722722,1.032552750395001,0.2244033005750331
0.570897,-2.362625166507032,0.0614697980702833,1.030441526274185,0.2244555441458535
0.570897,-2.362625166507032,0.0614697980702833,1.030441526274185,0.2244555441458535
0.572,-2.385683001323203,0.06938289622796975,1.027823232007397,0.2245277003151759
0.574,-2.427244394376873,0.0836084225393935,1.023010344175314,0.2246806721944083
0.576,-2.468473613677916,0.09767112375222015,1.018114720458744,0.224861905492155
0.578,-2.509365506397241,0.1115689828238377,1.013136981501037,0.2250710965984327
0.58,-2.549914496466618,0.1252998242898994,1.008077815498774,0.2253079098262582
0.581081,-2.571693393519381,0.1326533847353367,1.00530880607365,0.2254473436685312
0.581081,-2.571693393519381,0.1326533847353367,1.00530880607365,0.2254473436685312
0.582,-2.59011598535354,0.1388618609958722,1.002937805840297,0.2255720615196555
0.584,-2.629963632073844,0.1522526337057597,0.9977177686268802,0.2258631555261404
0.586,-2.669451501858287,0.1654698561384796,0.9924185029007256,0.2261808059255401
0.588,-2.708575051348769,0.1785117859352531,0.9870406384329694,0.2265247095200511
0.59,-2.747329109811188,0.191376446714117,0.9815849069843803,0.2268945147963718
0.590512,-2.757188204860811,0.1946404320529726,0.9801760858756107,0.2269932909410625
0.590512,-2.757188204860811,0.1946404320529726,0.9801760858756107,0.2269932909410625
0.592,-2.785709775922287,0.2040623521974196,0.9760518718784882,0.2272899517287601
0.594,-2.823710745914549,0.2165671099490585,0.9704424641397579,0.227710575090899
0.596,-2.861326124772842,0.2288884983541487,0.9647575902906468,0.2281559531594106
0.598,-2.898551880806116,0.2410250068736224,0.9589978905731202,0.2286257820026856
0.599359,-2.923612648103178,0.2491623039177363,0.9550433656800947,0.2289586450602545
0.599359,-2.923612648103178,0.2491623039177363,0.9550433656800947,0.2289586450602545
0.6,-2.935383351570593,0.2529748952998444,0.953164120608392,0.2291197036339379
0.602,-2.971816702833296,0.2647367369919451,0.9472569119697621,0.2296374193076373
0.604,-3.007845348883944,0.2763080960047322,0.9412773825304749,0.230178401764433
0.606,-3.043464778597941,0.287687317486227,0.9352263294486048,0.2307422764204895
0.607738,-3.074081482816052,0.2974183480317852,0.9299106454870895,0.2312506161467423
0.607738,-3.074081482816052,0.2974183480317852,0.9299106454870895,0.2312506161467423
0.608,-3.07867161988669,0.298873171282338,0.929104364288836,0.2313287565830176
0.61,-3.113461922813388,0.3098642196657485,0.9229122108108179,0.2319375032791317
0.612,-3.14782990179183,0.3206583689709611,0.9166509570718088,0.2325680080958425
0.614,-3.181771467879919,0.3312541535867301,0.9103214042739154,0.2332198979906198
0.615734,-3.210856317881249,0.3402808229069751,0.9047779252966088,0.2338022230802862
0.615734,-3.210856317881249,0.3402808229069751,0.9047779252966088,0.2338022230802862
0.616,-3.215282664103446,0.3416501641345062,0.9039243482021678,0.2338928032636291
0.618,-3.248359083499227,0.3518448377168607,0.897460690615007,0.2345863055917639
0.62,-3.28099626890952,0.3618366091710896,0.8909313791044793,0.2352999667690703
0.622,-3.313190268670613,0.3716241022074808,0.8843372798194103,0.2360333872348404
0.623411,-3.335641187913703,0.3784076078505986,0.8796452051086319,0.2365626651966846
0.623411,-3.335641187913703,0.3784076078505986,0.8796452051086319,0.2365626651966846
0.624,-3.344937671547222,0.3812061366736763,0.8776791585804986,0.236786214378207
0.626,-3.37623421741158,0.3905812483584706,0.8709579938421604,0.237557998483047
0.628,-3.407075845346359,0.3997480556932742,0.8641747507621428,0.2383482970977113
0.63,-3.437458887556874,0.4087053238581861,0.8573303308592092,0.2391566979767683
0.630818,-3.449757178510931,0.4123095388685819,0.8545124849231542,0.2394925866897459
0.630818,-3.449757178510931,0.4123095388685819,0.8545124849231542,0.2394925866897459
0.632,-3.467380315901339,0.4174520409419128,0.8504254957460855,0.2399828534348631
0.634,-3.496835958464726,0.4259868254210917,0.8434613236053402,0.2408262722290659
0.636,-3.52582219943771,0.4343084947076979,0.8364387827656152,0.24168651426746
0.637994,-3.554252284179418,0.442392373264383,0.8293797647401996,0.242560559865558
0.637994,-3.554252284179418,0.442392373264383,0.8293797647401996,0.242560559865558
0.638,-3.554335802601561,0.4424160032624763,0.8293587694726817,0.2425631731536467
0.64,-3.582374148927717,0.4503085121037503,0.8222220254599627,0.2434559130590494
0.642,-3.609932917456565,0.4579846522351715,0.81502980927691,0.2443641652141775
0.644,-3.637009363526431,0.4654435701765979,0.8077829572760725,0.2452875527439639
0.644971,-3.649973404836183,0.4689844258971801,0.8042470445597573,0.2457409406445525
0.644971,-3.649973404836183,0.4689844258971801,0.8042470445597573,0.2457409406445525
0.646,-3.663600579955078,0.4726843714707791,0.8004823772530855,0.2462256672058843
0.648,-3.689703247906202,0.4797060501285032,0.7931291402567064,0.247178027680745
0.65,-3.715314183162508,0.4865076578987172,0.7857243127209637,0.2481441563812194
0.651774,-3.737615655361126,0.492355429789626,0.7791143243818294,0.2490122462221877
0.651774,-3.737615655361126,0.492355429789626,0.7791143243818294,0.2490122462221877
0.652,-3.740430964552279,0.493088488195439,0.7782687386385658,0.2491236760570981
0.654,-3.765051294886904,0.4994478777690132,0.7707632352127148,0.2501162218556017
0.656,-3.789171475826358,0.5055847797181823,0.763209166028011,0.251121186194921
0.658,-3.812789288257006,0.5114985859439254,0.7556073953484033,0.2521381851107374
0.658426,-3.817756414059737,0.5127297541381929,0.7539816042064117,0.2523563898958309
0.658426,-3.817756414059737,0.5127297541381929,0.7539816042064117,0.2523563898958309
0.66,-3.835902755006766,0.5171887623713685,0.7479587109368491,0.2531668690412906
0.662,-3.858508657093821,0.5226544607922174,0.7402644442817575,0.2542066482850074
0.664,-3.880604654104605,0.5278950872140217,0.7325256155936829,0.2552570721669063
0.664946,-3.890880580269346,0.5302959910750552,0.7288488840335133,0.2557576803507114
0.664946,-3.890880580269346,0.5302959910750552,0.7288488840335133,0.2557576803507114
0.666,-3.902189375914906,0.5329103024590072,0.7247428417693895,0.2563178685941089
0.668,-3.923259913207235,0.5376994050138661,0.716917475709694,0.2573884417466509
0.67,-3.943813916237431,0.5422618569705054,0.7090506759534879,0.2584682827379334
0.67135,-3.957398660528222,0.5452139839066799,0.7037161638631331,0.2592024123181865
0.67135,-3.957398660528222,0.5452139839066799,0.7037161638631331,0.2592024123181865
0.672,-3.9638498826377,0.5465973316265492,0.7011432228031211,0.2595570495849548
0.674,-3.983366123277614,0.5507054713800966,0.6931960159121641,0.2606543484120286
0.676,-4.002359951970049,0.5545857399251941,0.6852105603539597,0.2617595216307001
0.677653,-4.017660534444452,0.5576201199266083,0.6785834436952651,0.2626784425140318
0.677653,-4.017660534444452,0.5576201199266083,0.6785834436952651,0.2626784425140318
0.678,-4.020829928639608,0.5582378802830849,0.6771877331774591,0.2628721872623452
0.68,-4.038775131393332,0.5616617311417306,0.669128103216585,0.2639920976845074
0.682,-4.056192859506715,0.5648568623614078,0.6610334343812753,0.2651184865929237
0.683866,-4.071965985522458,0.567631380704527,0.6534507235298795,0.2661748541040451
0.683866,-4.071965985522458,0.567631380704527,0.6534507235298795,0.2661748541040451
0.684,-4.073081952849028,0.5678231243470118,0.652904565249422,0.266250990907999
0.686,-4.089441724934638,0.5705604308344088,0.6447419972249392,0.2673893936084324
0.688,-4.105269902406446,0.5730685413398319,0.6365474946459238,0.2685329324702709
0.69,-4.120565426773062,0.575347389552915,0.6283219839999958,0.2696812086033416
0.690001,-4.120572686248626,0.5753484349106565,0.628318003367039,0.2696817643812873
0.690001,-4.120572686248626,0.5753484349106565,0.628318003367039,0.2696817643812873
0.692,-4.135327650930417,0.5773969438579281,0.6200660521970452,0.2708339695577491
0.694,-4.149554792155926,0.5792171679250699,0.6117814329726707,0.2719904709237749
0.696,-4.163246010208134,0.5808080980304916,0.6034690662797718,0.273150310418887
0.696068,-4.163703192855022,0.5808582829115664,0.6031852832066754,0.2731898921355358
0.696068,-4.163703192855022,0.5808582829115664,0.6031852832066754,0.2731898921355358
0.698,-4.176400917749753,0.5821697588606091,0.5951294037297663,0.2743132949315713
0.7,-4.189018095533569,0.5833023007678975,0.5867642379652983,0.2754786591642928
0.702,-4.201096895397487,0.5842058635262236,0.57837455124298,0.2766459851440255
0.702077,-4.201549075152306,0.5842359400037477,0.5780525630488288,0.2766907501534668
0.702077,-4.201549075152306,0.5842359400037477,0.5780525630488288,0.2766907501534668
0.704,-4.212637033242778,0.5848805225260849,0.5699608065886025,0.2778150760695771
0.706,-4.223637526782808,0.5853266166902865,0.561524785086042,0.2789851761102411
0.708,-4.234097956133415,0.5855443909658445,0.5530674783069789,0.2801558658398965
0.708035,-4.234275545681416,0.5855461660938232,0.5529198428934919,0.2801762778781827
0.708035,-4.234275545681416,0.5855461660938232,0.5529198428934919,0.2801762778781827
0.71,-4.244018150945793,0.5855339656760976,0.5445893367258109,0.2813269549321493
0.712,-4.253397537673129,0.5852958791734889,0.5360921837271716,0.2824976742746707
0.713951,-4.262024540556012,0.5848446739316517,0.5277871227407006,0.2836387892410031
0.713951,-4.262024540556012,0.5848446739316517,0.5277871227407006,0.2836387892410031
0.714,-4.262235940510496,0.5848304642628825,0.5275769643081748,0.2836676265924569
0.716,-4.270533288690096,0.5841378985793565,0.5190441593627453,0.2848366099253802
0.718,-4.278289421952898,0.5832188438342881,0.5104954549584806,0.2860039171550514
0.719831,-4.284917146140979,0.5821790735658784,0.5026544025904037,0.2870709322956946
0.719831,-4.284917146140979,0.5821790735658784,0.5026544025904037,0.2870709322956946
0.72,-4.285504408950525,0.5820738312243734,0.5019320035815803,0.2871690669339853
0.722,-4.29217827236908,0.5807030829884198,0.4933542935544768,0.2883318552359178
0.724,-4.29831131154268,0.5791075065324449,0.4847641081326664,0.2894915394519558
0.725684,-4.303056382474862,0.5775899329003921,0.4775216824426124,0.2904653859583183
0.725684,-4.303056382474862,0.5775899329003921,0.4775216824426124,0.2904653859583183
0.726,-4.303903742445589,0.5772875344606792,0.4761622228428873,0.2906477976036204
0.728,-4.308955781534985,0.5752435675216533,0.467549339441981,0.2918003385820578
0.73,-4.313468122367516,0.5729766818069145,0.4589272278672819,0.2929484298703343
0.731515,-4.316527852059216,0.5711110615787535,0.4523889622973676,0.2938151181687947
0.731515,-4.316527852059216,0.5711110615787535,0.4523889622973676,0.2938151181687947
0.732,-4.317441138076724,0.5704873576197267,0.4502966133762746,0.2940917723413919
0.734,-4.320875246887363,0.5677761208814495,0.4416582803164528,0.2952300426696812
0.736,-4.323771547306325,0.5648442177439696,0.4330139776664099,0.2963625218377682
0.737331,-4.325401801501051,0.5627702896625737,0.427256242154613,0.2971130847636491
0.737331,-4.325401801501051,0.5627702896625737,0.427256242154613,0.2971130847636491
0.738,-4.326130503798526,0.5616921239811219,0.4243643273089883,0.2974889550590881
0.74,-4.327952816595366,0.5583205482780906,0.4157102470636962,0.298608966477888
0.742,-4.329239903058965,0.5547308340161757,0.4070533851400501,0.299721883050423
0.743139,-4.329733938726672,0.552589793373413,0.4021235220143983,0.300352237198415
0.743139,-4.329733938726672,0.552589793373413,0.4021235220143983,0.300352237198415
0.744,-4.329992391462902,0.5509235373816176,0.3983943817540896,0.3008274442822231
0.746,-4.330211264974146,0.5468995214741603,0.3897342221029368,0.3019252495108813
0.748,-4.329898130145824,0.5426601391855709,0.381074383874523,0.3030146993927778
0.748943,-4.329566278222859,0.5405864259699672,0.3769908018766873,0.3035254480872385
0.748943,-4.329566278222859,0.5405864259699672,0.3769908018766873,0.3035254480872385
0.75,-4.329053938842981,0.5382061539798577,0.3724156549523303,0.3040954755344428
0.75,-4.329053938842981,0.5382061539798577,0.3724156549523303,0.3040954755344428
0.752,-4.327679716245681,0.5335383853006672,0.3637588774321878,0.3051672377313258
0.754,-4.325777567922585,0.5286584555335255,0.355105641475285,0.3062293456663674
0.754751,-4.324927350691222,0.5267717928047326,0.3518580817414592,0.3066255371701833
0.754751,-4.324927350691222,0.5267717928047326,0.3518580817414592,0.3066255371701833
0.756,-4.323348336268677,0.5235669953455597,0.346456540921165,0.307281560913584
0.758,-4.320394006283702,0.5182654643926297,0.3378129144025972,0.308323347097633
0.76,-4.316916370225283,0.5127551482022779,0.3291758961176016,0.3093542511520395
0.760568,-4.315834005248297,0.5111529937517367,0.3267253616087608,0.3096448657992785
0.760568,-4.315834005248297,0.5111529937517367,0.3267253616087608,0.3096448657992785
0.762,-4.31291649232895,0.5070367965007085,0.32054612826771,0.3103740171707102
0.764,-4.308396661094881,0.5011120020991789,0.311924947360825,0.3113821135222324
0.766,-4.30335890865313,0.4949821506379021,0.3033134741754345,0.3123780958375496
0.7664,-4.302289479846549,0.4937318268303748,0.3015926414785644,0.3125757853969397
0.7664,-4.302289479846549,0.4937318268303748,0.3015926414785644,0.3125757853969397
0.768,-4.297804386190962,0.4886480158872666,0.2947123179404819,0.3133617231684908
0.77,-4.291735893001884,0.4821114590400055,0.2861229134207464,0.314332429217427
0.772,-4.285155528115212,0.4753738499481932,0.2775462773572116,0.3152898141837752
0.772254,-4.284284804473943,0.474505372350762,0.2764599213509026,0.3154102241446977
0.772254,-4.284284804473943,0.474505372350762,0.2764599213509026,0.3154102241446977
0.774,-4.278064600944849,0.4684360348789203,0.2689830250293863,0.316233636642608
0.776,-4.27046632576761,0.4613000712220596,0.2604346210051502,0.3171633232107272
0.778,-4.262362878541044,0.4539673287779491,0.251902004030351,0.3180785078994784
0.778135,-4.261798273503098,0.4534657888176927,0.251327201225737,0.3181396972073808
0.778135,-4.261798273503098,0.4534657888176927,0.251327201225737,0.3181396972073808
0.78,-4.253755819139762,0.4464387827656761,0.2433858315926746,0.3189789348524095
0.782,-4.244648686879499,0.4387166261438538,0.2348875502005792,0.3198640426140697
0.784,-4.235043770561071,0.4308022566241064,0.2264080484648282,0.3207334878168376
0.78405,-4.234795165948269,0.4306002193295908,0.2261944811031007,0.320755205151982
0.78405,-4.234795165948269,0.4306002193295908,0.2261944811031007,0.320755205151982
0.786,-4.224942907927279,0.42269679028353,0.2179480257100212,0.3215870007298193
0.788,-4.214349823416978,0.4144024714481834,0.2095088590451588,0.3224240516373635
0.79,-4.203266968832891,0.4059207597279536,0.2010914141948571,0.3232443090416448
0.790007,-4.203227010514306,0.4058905106677579,0.2010617609829604,0.3232471722932596
0.790007,-4.203227010514306,0.4058905106677579,0.2010617609829604,0.3232471722932596
0.792,-4.191696427897782,0.3972528894652755,0.1926964128637912,0.324047497139806
0.794,-4.179642170497482,0.3884011960871868,0.1843251929461952,0.3248331061297063
0.796,-4.167106793194076,0.3793671909373208,0.1759785925150779,0.3256008181886405
0.796012,-4.167030827723367,0.3793129349162405,0.1759290408653672,0.3256053285773604
0.796012,-4.167030827723367,0.3793129349162405,0.1759290408653672,0.3256053285773604
0.798,-4.154092650473863,0.3701522384369381,0.1676573577516442,0.3263503509376615
0.8,-4.140603880644988,0.360758721979788,0.1593627664932992,0.3270812222921771
0.802,-4.12664325542184,0.3511882232636307,0.15109564118318,0.3277931234959234
0.802073,-4.126128074293217,0.350837797360085,0.1507963207502801,0.3278185836341111
0.802073,-4.126128074293217,0.350837797360085,0.1507963207502801,0.3278185836341111
0.804,-4.112213414770514,0.3414422426194981,0.1428567510581873,0.3284857664409815
0.806,-4.097318624047582,0.3315231904892851,0.1346473079056999,0.3291586987839048
0.808,-4.081961840581426,0.3214327249809495,0.1264681219263802,0.3298116195945954
0.808197,-4.080423272481187,0.3204289253648347,0.1256636006376952,0.3298748824526967
0.808197,-4.080423272481187,0.3204289253648347,0.1256636006376952,0.3298748824526967
0.81,-4.066145970570121,0.3111724692397989,0.118319974965452,0.3304442392271555
0.812,-4.049875430381565,0.3007448768562406,0.1102040255396596,0.3310561300790058
0.814,-4.033153345762202,0.2901516725254956,0.1021210665706293,0.331647000978688
0.814394,-4.029802349867983,0.2880430550049158,0.1005308805276007,0.3317610237793036
0.814394,-4.029802349867983,0.2880430550049158,0.1005308805276007,0.3317610237793036
0.816,-4.015982970839691,0.2793946449888302,0.09407190809255386,0.3322165553576819
0.818,-3.998368677578321,0.2684761858428083,0.08605761202180205,0.3327644059770115
0.82,-3.98031386672649,0.2573981448335734,0.07807898034217474,0.3332902618362006
0.820674,-3.974130380314277,0.25362898050713,0.07539816042000834,0.3334624710802224
0.820674,-3.974130380314277,0.25362898050713,0.07539816042000834,0.3334624710802224
0.822,-3.961822134228556,0.2461624700956093,0.07013684338452646,0.333793822754513
0.824,-3.9428977395413,0.2347714589105745,0.06223216127360942,0.3342747431293208
0.826,-3.923544435449524,0.2232271259029305,0.0543657586033625,0.3347327275486732
0.827046,-3.913248859037169,0.2171265355082736,0.05026544031498081,0.3349631064632301
0.827046,-3.913248859037169,0.2171265355082736,0.05026544031498081,0.3349631064632301
0.828,-3.903766060046643,0.2115315228793325,0.04653845917121695,0.3351674822129411
0.83,-3.883566780634589,0.1996868687163203,0.03875113722024424,0.335578696743103
0.832,-3.862950805422659,0.1876953949210547,0.03100465483650116,0.3359660665633469
0.833523,-3.846972338653254,0.1784653404886349,0.02513272021243465,0.3362449231330327
0.833523,-3.846972338653254,0.1784653404886349,0.02513272021243465,0.3362449231330327
0.834,-3.841922032545778,0.1755591598753388,0.02329979088350131,0.3363293179527227
0.836,-3.820484653765657,0.1632803694551998,0.01563736581023488,0.3366681638723905
0.838,-3.798643338550675,0.1508614712097271,0.008018271591556853,0.3369822939687634
0.84,-3.77640203851008,0.1383045277889384,0.0004432435836989233,0.3372714539413844
0.840117,-3.775084211651116,0.1375632352368236,1.124125986089209e-10,0.3372876449448772
0.840117,-3.775084211651116,0.1375632352368236,1.124125986089209e-10,0.3372876449448772
0.842,-3.753764926802534,0.1256117113389441,-0.007086955512548261,0.3375353811783631
0.844,-3.730737116481773,0.1127856728754296,-0.01457141456284847,0.3377737639261935
0.846,-3.707323537709013,0.09982895712604591,-0.02200928087434275,0.3379863126710151
0.846844,-3.697332115578536,0.09432464773121481,-0.02513271999013581,0.3380681666720988
0.846844,-3.697332115578536,0.09432464773121481,-0.02513271999013581,0.3380681666720988
0.848,-3.683527209431419,0.08674311719805072,-0.02940004388043557,0.3381728551003093
0.85,-3.659352791387386,0.07353054705359736,-0.03674292284308854,0.3383331283950972
0.852,-3.634806393246756,0.06019437224465263,-0.0440369240649651,0.3384668008423613
0.853719,-3.613418469563748,0.04863681976037824,-0.05026544009519992,0.3385602634855175
0.853719,-3.613418469563748,0.04863681976037824,-0.05026544009519992,0.3385602634855175
0.854,-3.609891723443791,0.04673648215531668,-0.05128146183307076,0.3385736786020546
0.856,-3.584612275096665,0.03315865333218704,-0.05847599148444459,0.3386535821213741
0.858,-3.558974718870011,0.01946426903161733,-0.06561949387294505,0.3387061775534743
0.86,-3.532983683669361,0.005655666216654907,-0.07271128589677089,0.3387312436279881
0.860762,-3.522993964168636,0.0003676225990546498,-0.07539816020276872,0.3387335226345913
0.860762,-3.522993964168636,0.0003676225990546498,-0.07539816020276872,0.3387335226345913
0.862,-3.50664229980927,-0.008265578309381726,-0.07975091362102273,0.3387286341699154
0.864,-3.47995663142172,-0.0222964155272576,-0.08673751021824666,0.3386980714251986
0.866,-3.452932450292455,-0.0364339554352506,-0.09367027756650116,0.3386393026641485
0.867995,-3.4256453356231,-0.05063903302899279,-0.100530880312835,0.3385524148698166
0.867995,-3.4256453356231,-0.05063903302899279,-0.100530880312835,0.3385524148698166
0.868,-3.425573926892644,-0.05067611681089848,-0.1005486545764256,0.3385521520257708
0.87,-3.397884856599398,-0.06502100837705573,-0.1073721367841627,0.3384364621344188
0.872,-3.369871826644808,-0.07946535519595689,-0.1141398654964473,0.338291967151717
0.874,-3.341539716543345,-0.09400674112442656,-0.1208512264379918,0.3381184796123765
0.875445,-3.320878964117885,-0.1045693646047294,-0.1256636004254247,0.3379750337073003
0.875445,-3.320878964117885,-0.1045693646047294,-0.1256636004254247,0.3379750337073003
0.876,-3.312893080444484,-0.1086429161373976,-0.1275056574517604,0.337915829396545
0.878,-3.283937339373728,-0.1233712074625134,-0.1341025017029207,0.3376838193582681
0.88,-3.254678675942248,-0.1381885773910371,-0.1406410335489753,0.3374222348613137
0.882,-3.225121848391796,-0.1530926947300248,-0.1471207093539289,0.3371309171745523
0.883143,-3.2081022304183,-0.1616463646866637,-0.150796320540507,0.3369510606695008
0.883143,-3.2081022304183,-0.1616463646866637,-0.150796320540507,0.3369510606695008
0.884,-3.195271154136948,-0.16808145873496,-0.1535410485066267,0.3368097274610227
0.886,-3.165131956336669,-0.183152251088011,-0.1599014587465938,0.3364584957404561
0.888,-3.13471110539357,-0.1983017384559622,-0.1662012080856886,0.3360770155915659
0.89,-3.104013222931637,-0.2135276789746136,-0.1724398181053831,0.3356651544867923
0.891127,-3.086590480737089,-0.222142405911961,-0.175929040658114,0.3354195620104296
0.891127,-3.086590480737089,-0.222142405911961,-0.175929040658114,0.3354195620104296
0.892,-3.073043052766964,-0.2288277762116917,-0.1786168081340991,0.3352227809418004
0.894,-3.041805756156064,-0.2441995349292167,-0.1847316624235215,0.3347497550616503
0.896,-3.010308507696645,-0.2596394971805974,-0.1907836875427311,0.3342458926743138
0.898,-2.978556054734034,-0.2751453819321305,-0.1967724401855854,0.3337110787232829
0.899446,-2.955447842283539,-0.2863934419529831,-0.2010617607782274,0.3333051383499664
0.899446,-2.955447842283539,-0.2863934419529831,-0.2010617607782274,0.3333051383499664
0.9,-2.946553407391387,-0.2907147868644713,-0.2026974634545531,0.3331451965893098
0.902,-2.914305293595793,-0.30634544758152,-0.2085583319251434,0.3325481387420233
0.904,-2.88181926970941,-0.3220337549027864,-0.2143543873484657,0.331919742853158
0.906,-2.849100531759229,-0.3377772350009068,-0.2200851945870989,0.3312599049993107
0.908,-2.816154165342798,-0.3535734720705095,-0.2257503396796806,0.3305685287224239
0.908158,-2.813545343267867,-0.3548218810545911,-0.2261944809008651,0.3305126381446646
0.908158,-2.813545343267867,-0.3548218810545911,-0.2261944809008651,0.3305126381446646
0.91,-2.782984296454178,-0.3694205079181569,-0.2313494906568615,0.3298455374769177
0.912,-2.749598606933336,-0.3853147048360733,-0.2368820471315741,0.3290907965488122
0.914,-2.716003243204122,-0.4012531622141194,-0.2423475505855291,0.3283042078072873
0.916,-2.682202904854933,-0.417233667582797,-0.2477456621018589,0.3274857013825764
0.917341,-2.659427541376715,-0.4279709430893321,-0.2513272010260057,0.3269189683858262
0.917341,-2.659427541376715,-0.4279709430893321,-0.2513272010260057,0.3269189683858262
0.918,-2.648202774569579,-0.4332537841477013,-0.2530760146914542,0.3266352032190431
0.92,-2.614008307911959,-0.4493109511054462,-0.2583382313840152,0.3257526394993747
0.922,-2.579627090968134,-0.4654016168370946,-0.2635318080807119,0.3248379164856359
0.924,-2.545064421861424,-0.4815233082120245,-0.2686564086144849,0.3238909757662476
0.926,-2.510325563708035,-0.4976735736690037,-0.2737117103700489,0.3229117643524567
0.927099,-2.491164013116851,-0.5065591654843156,-0.2764599211536541,0.3223599388453334
0.927099,-2.491164013116851,-0.5065591654843156,-0.2764599211536541,0.3223599388453334
0.928,-2.475415497054937,-0.5138500961049759,-0.2786974141970446,0.3219002348342987
0.93,-2.440340183030909,-0.5300501067934048,-0.2836131719400383,0.3208563348694957
0.932,-2.405107201789851,-0.5462700950368442,-0.2884585625179018,0.3197800075382172
0.934,-2.369721643557504,-0.56250770983142,-0.2932333171930885,0.318671220874204
0.936,-2.334189091631068,-0.5787603775813388,-0.2979371522697112,0.3175299447614666
0.937576,-2.306097460173729,-0.591572793798764,-0.3015926412838206,0.3166079621714274
0.937576,-2.306097460173729,-0.591572793798764,-0.3015926412838206,0.3166079621714274
0.938,-2.298515157797047,-0.5950255156151807,-0.302569791332554,0.316356152833212
0.94,-2.262704365299356,-0.6113010452142661,-0.3071310179909099,0.315149826702231
0.942,-2.226765023023767,-0.627583156541384,-0.3116204532790323,0.3139109408890481
0.944,-2.190702718302974,-0.6438692958412637,-0.3160378599069628,0.3126394861234668
0.946,-2.154522638638918,-0.660157097113538,-0.3203830282819753,0.3113354586098325
0.948,-2.118230977715429,-0.6764437397013996,-0.3246557172617323,0.3099988579074077
0.948981,-2.100386811599646,-0.6844329408156444,-0.3267253614164936,0.3093312059595982
0.948981,-2.100386811599646,-0.6844329408156444,-0.3267253614164936,0.3093312059595982
0.95,-2.081832086342873,-0.6927272457288082,-0.3288557649753743,0.3086296870883614
0.952,-2.045332671502456,-0.7090045705769593,-0.3329829312147929,0.3072279550825754
0.954,-2.008740211641703,-0.7252723297161402,-0.3370369700859794,0.3057936817304412
0.956,-1.972059615051895,-0.7415283076276026,-0.3410177326106665,0.3043268856489516
0.958,-1.935296837495395,-0.7577698209346776,-0.3449250485331821,0.3028275941771903
0.96,-1.898457762031098,-0.7739942239506268,-0.3487587601388487,0.3012958390496466
0.961646,-1.868091094706661,-0.7873300265099552,-0.3518580815516816,0.3000110902777635
0.961646,-1.868091094706661,-0.7873300265099552,-0.3518580815516816,0.3000110902777635
0.962,-1.861547836622184,-0.7901990715832498,-0.3525187318165459,0.2997316543758961
0.964,-1.824571644476313,-0.8063823095661306,-0.35620485522737,0.2981350714519773
0.966,-1.787537535365993,-0.822540203692834,-0.359816950535998,0.2965061552400984
0.968,-1.750451012684594,-0.8386703007400256,-0.3633549161411548,0.2948449562344274
0.97,-1.713317423177912,-0.854770222319285,-0.3668186638784312,0.2931515282822481
0.972,-1.676142806661508,-0.8708372860321012,-0.3702081031731843,0.291425936311532
0.974,-1.638932843236191,-0.8868689748340284,-0.3735231606088655,0.2896682467358921
0.976,-1.601692904919042,-0.9028629144922735,-0.3767637799450968,0.2878785283775143
0.976142,-1.59905055724549,-0.903995834929914,-0.3769908016893981,0.2877503728672688
0.976142,-1.59905055724549,-0.903995834929914,-0.3769908016893981,0.2877503728672688
0.978,-1.564428134408964,-0.9188168301112201,-0.3799299031237157,0.2860568451981532
0.98,-1.527146521579984,-0.9347272035004914,-0.3830214738152924,0.2842033120129189
0.982,-1.489853337574488,-0.950591720259566,-0.3860384687511407,0.2823180109159746
0.984,-1.452554137845113,-0.9664079455960815,-0.3889808726657153,0.2804010326647053
0.986,-1.415254525320033,-0.9821734287168549,-0.391848680176031,0.278452473375866
0.988,-1.377959846261057,-0.9978858379607811,-0.3946419004218372,0.2764724313052596
0.99,-1.340675399724648,-1.013542862727981,-0.3973605434452218,0.2744610042922773
0.992,-1.303407429269771,-1.029141788166914,-0.4000046368328203,0.2724183148448584
0.993645,-1.272771076996733,-1.041926531874905,-0.4021235218296139,0.2707148601905604
0.993645,-1.272771076996733,-1.041926531874905,-0.4021235218296139,0.2707148601905604
0.994,-1.266161700333538,-1.044680104293121,-0.4025741997630778,0.2703444732013231
0.996,-1.228945269496501,-1.060154763466402,-0.4050693064162087,0.2682396375668162
0.998,-1.191763811444736,-1.075563319559067,-0.4074900261151823,0.2661039396245612
1,-1.154622225959929,-1.090903663808712,-0.4098364255692748,0.2639374962424676
1,-1.154622225959929,-1.090903663808712,-0.4098364255692748,0.2639374962424676
1,-1.154622225959929,-1.090903663808712,-0.4098364255692748,0.2639374962424676
